Webots Project File version R2025a
perspectives: 000000ff00000000fd00000002000000010000026f000002acfc0200000001fb0000001400540065007800740045006400690074006f00720000000000000002ac0000003f00ffffff0000000300000780000000fffc0100000001fb0000001a0043006f006e0073006f006c00650041006c006c0041006c006c0100000000000007800000006900ffffff00000780000002c600000001000000020000000100000008fc00000000
simulationViewPerspectives: 000000ff0000000100000002000001410000063d0100000002010000000100
sceneTreePerspectives: 000000ff00000001000000030000001e000000c0000000fa0100000002010000000200
maximizedDockId: -1
centralWidgetVisible: 1
orthographicViewHeight: 1
textFiles: -1
consoles: Console:All:All
renderingDevicePerspectives: e-puck:camera;1;2.75806;0.00933691;0.0415385
